237 2714
230 19
161 111
105 61
12 10
126 112
54 98
146 92
134 94
95 12
195 165
169 7
188 88
91 192
214 15
12 35
33 35
110 63
174 216
91 32
21 24
12 7
37 149
7 26
86 146
27 70
29 87
32 172
61 192
105 83
67 103
24 23
84 108
165 213
1 7
105 236
110 103
121 16
88 207
99 176
61 35
97 196
24 80
153 77
229 88
134 68
146 152
129 28
95 22
23 197
5 78
44 109
85 32
7 61
125 59
2 3
3 35
46 131
128 3
140 88
210 211
74 164
23 21
63 164
198 126
113 216
177 17
4 20
186 216
191 199
110 29
23 79
9 51
95 41
19 36
76 16
27 195
35 10
192 199
110 36
30 28
222 194
8 52
235 172
91 64
151 47
97 73
148 124
140 137
195 44
198 5
177 73
7 5
162 163
45 62
49 73
12 125
124 69
84 88
128 154
64 6
2 1
86 76
9 58
35 9
97 194
164 84
125 181
94 87
63 88
12 51
199 91
3 76
78 111
195 32
27 3
9 3
69 67
174 13
83 98
188 172
189 132
18 36
26 6
35 78
26 47
10 3
128 107
212 111
147 114
54 36
167 107
110 105
64 3
117 12
98 83
83 24
63 43
103 21
187 60
7 43
131 49
124 71
215 61
12 21
68 94
61 99
113 153
99 58
107 19
175 40
175 68
4 73
62 229
160 216
37 78
100 216
158 84
32 160
226 112
100 76
23 87
22 216
198 199
9 13
185 77
112 23
4 115
140 114
24 83
175 134
161 103
18 87
152 32
84 45
35 36
145 191
54 17
99 23
19 7
76 87
11 105
47 188
143 7
62 46
67 137
24 143
188 62
6 214
47 2
148 146
177 85
47 214
53 128
124 123
96 73
168 125
37 194
122 192
153 71
143 103
6 44
30 103
110 152
126 7
124 148
92 49
107 72
13 98
72 215
51 59
161 195
10 216
54 65
137 63
6 232
36 99
183 77
124 78
3 1
117 36
214 181
117 139
126 103
83 21
99 125
13 4
23 41
67 157
32 27
37 73
86 119
147 189
204 3
12 6
199 135
59 58
110 44
19 49
153 186
99 103
112 87
13 125
78 13
107 136
45 209
180 86
47 215
71 48
86 30
196 35
54 21
167 195
150 7
44 160
37 76
7 225
45 26
2 7
86 111
169 9
107 47
223 222
139 103
97 115
61 129
54 194
72 4
144 216
135 13
107 61
180 63
83 51
40 120
166 148
15 47
171 127
185 124
91 10
32 216
143 90
144 73
78 7
94 14
71 124
17 21
59 176
187 3
155 4
86 74
80 24
61 28
109 228
188 2
214 195
63 84
67 13
7 76
167 120
46 88
45 37
17 222
2 105
46 137
21 9
98 4
165 26
4 54
54 12
7 51
74 84
78 212
95 7
165 198
191 32
119 77
4 188
49 78
177 200
122 35
27 205
76 169
105 107
98 36
4 72
4 149
88 142
30 113
107 128
217 32
6 107
155 176
199 111
143 138
146 46
30 146
10 25
126 216
24 78
117 42
164 214
174 70
132 124
11 24
195 216
135 129
105 124
194 9
167 44
165 100
12 181
13 11
155 59
5 149
61 24
126 76
37 3
41 23
144 194
40 175
175 159
98 51
190 172
88 133
141 15
137 35
160 154
145 216
38 79
85 9
178 95
48 166
199 102
83 78
27 77
212 73
179 214
144 236
7 64
188 30
19 105
78 51
18 12
88 236
27 110
200 216
15 181
133 106
96 214
216 5
11 54
10 91
7 44
71 148
78 202
48 180
12 176
21 4
169 76
148 123
2 47
67 155
11 111
154 160
21 22
109 192
153 48
87 23
109 32
6 198
3 19
78 4
68 223
133 88
150 3
107 194
133 180
67 78
105 47
45 47
132 69
43 32
94 226
226 126
61 78
138 143
59 11
133 188
79 95
150 10
99 215
218 202
30 44
194 105
187 8
5 100
13 21
40 189
11 83
181 59
49 76
53 167
98 1
6 73
46 234
234 46
161 32
200 7
6 19
2 72
122 3
37 49
67 148
102 236
84 43
147 156
133 164
88 62
155 125
49 189
40 53
197 216
40 76
96 54
76 29
6 36
20 79
47 236
144 195
141 42
88 188
62 207
219 181
43 152
175 143
109 64
99 59
125 9
9 21
158 32
134 159
61 213
77 153
156 147
6 126
118 12
122 27
105 216
109 44
71 105
16 121
78 35
97 222
107 28
79 37
19 28
135 194
45 133
137 140
24 59
200 113
78 73
206 60
132 74
199 207
191 3
177 67
94 159
110 43
63 137
110 74
137 188
147 46
4 21
128 27
30 215
24 73
144 3
175 223
115 78
152 27
23 28
166 113
217 160
146 62
113 124
64 187
61 49
177 170
80 98
4 59
2 4
13 59
67 70
143 24
88 46
128 143
153 132
188 47
37 7
117 55
68 159
24 98
15 207
99 80
63 30
79 9
43 149
192 10
65 125
83 4
63 110
24 87
29 110
177 78
64 67
155 13
7 9
2 28
122 199
11 73
84 49
13 222
176 99
49 43
4 78
192 188
44 30
217 145
166 48
165 216
83 143
210 227
6 193
43 44
137 28
24 12
137 67
199 73
6 95
110 46
83 99
135 21
5 216
214 96
175 128
33 104
94 96
9 42
86 194
137 27
12 155
61 169
176 9
102 192
21 23
180 133
45 77
46 62
144 5
61 110
188 222
202 103
124 19
94 175
113 98
78 21
30 23
31 44
27 35
83 194
88 114
136 222
76 30
11 36
188 133
86 105
96 78
135 103
7 73
133 234
37 92
76 43
62 156
164 133
12 118
49 37
1 5
65 54
10 78
3 216
156 29
9 24
113 185
47 61
103 78
107 215
105 78
199 39
135 78
48 153
27 203
76 137
27 128
209 183
54 96
32 85
140 46
188 189
124 73
7 194
145 217
169 113
96 52
24 51
61 214
128 32
234 133
188 46
23 78
73 35
195 236
42 216
195 28
44 107
148 70
35 199
145 3
176 155
6 202
32 40
188 132
71 153
62 114
12 28
88 63
37 187
112 41
176 58
30 43
22 41
185 183
120 40
133 46
19 100
43 107
188 27
7 1
96 36
188 169
62 42
135 28
43 215
133 156
219 214
117 65
44 154
11 21
91 3
98 113
105 194
216 3
200 102
53 44
122 194
27 131
4 51
95 126
94 134
32 6
91 5
150 204
30 214
107 49
67 123
122 103
51 58
6 12
43 41
166 67
126 100
117 5
13 80
199 27
69 124
99 28
117 219
61 5
175 96
107 7
171 216
49 61
110 64
12 222
43 8
91 15
67 71
126 22
43 5
109 23
5 214
229 214
37 45
46 110
112 178
169 63
144 19
98 28
166 71
95 87
133 114
137 78
43 3
90 63
143 32
43 66
77 119
99 11
95 47
63 46
15 214
84 46
11 50
136 107
128 131
21 78
200 19
180 214
62 133
145 167
131 172
187 115
45 234
195 144
27 46
180 84
70 194
124 36
110 84
113 48
208 211
22 23
85 87
76 28
30 86
95 178
97 111
4 125
83 52
12 194
78 37
125 99
145 115
72 47
141 219
177 51
217 113
126 155
165 210
137 91
3 91
107 27
32 136
55 4
2 45
30 63
30 40
82 221
7 169
156 46
32 7
61 3
19 141
35 51
91 198
94 106
12 3
9 36
105 67
61 216
7 200
107 76
169 19
4 98
12 169
124 103
105 85
166 124
2 41
12 98
49 172
12 19
19 107
64 109
9 194
104 214
27 149
27 194
155 65
88 215
195 232
7 23
40 128
21 83
32 167
178 112
84 146
97 33
105 103
110 107
192 91
96 51
58 9
110 222
102 51
155 12
46 84
198 39
20 4
195 118
195 53
159 106
18 23
214 49
19 20
76 19
146 175
72 213
152 88
74 86
100 169
192 5
99 87
4 37
124 110
124 67
87 18
192 32
215 7
100 3
78 103
85 73
51 36
214 128
188 137
102 27
11 52
125 4
128 145
7 77
83 105
161 204
156 108
18 95
215 103
109 103
153 183
169 100
126 29
155 214
27 192
165 169
148 153
199 121
223 96
36 125
59 13
102 3
61 177
141 72
65 117
229 108
4 105
165 3
13 23
20 44
63 119
183 222
9 103
91 27
113 64
23 112
169 12
178 121
143 175
177 105
20 13
214 61
58 155
65 139
124 185
35 102
95 225
132 188
146 137
90 143
49 105
107 37
174 8
54 13
11 103
103 73
156 229
202 218
76 100
7 52
37 15
126 28
107 105
30 84
71 28
226 61
174 98
12 36
85 177
82 42
195 40
77 185
177 212
61 36
4 103
23 37
23 111
137 103
153 148
62 188
215 47
92 197
43 9
97 59
161 73
143 194
14 134
33 214
32 146
84 30
137 10
53 40
160 167
95 5
36 59
72 149
27 43
86 43
9 214
216 7
51 35
147 229
171 116
88 110
137 79
133 229
135 73
7 103
137 76
6 32
175 32
36 58
138 94
32 214
192 61
199 10
105 28
107 78
120 128
153 185
7 10
59 9
96 103
61 76
35 3
12 80
45 72
76 3
71 123
160 32
24 36
67 21
21 54
188 192
2 103
20 155
117 75
49 5
192 228
23 95
157 183
12 78
49 115
12 9
55 117
194 111
115 222
216 100
215 188
131 43
146 128
146 32
102 91
7 27
62 147
73 105
7 36
103 99
46 140
77 183
77 27
46 30
186 126
70 83
79 36
53 172
18 211
62 234
24 54
113 71
230 28
96 223
199 78
185 180
71 166
73 4
11 59
19 129
63 114
47 100
43 137
177 111
46 63
124 132
7 47
46 129
84 86
19 214
216 192
4 172
67 132
7 216
107 4
92 8
7 115
21 70
12 95
143 99
86 180
37 222
62 63
15 141
84 173
46 27
63 76
11 79
91 78
135 105
40 32
51 194
53 195
67 36
37 215
102 103
214 99
97 85
118 195
97 36
84 62
162 216
62 88
160 217
177 216
36 103
82 216
186 153
37 105
80 59
180 48
47 7
219 59
234 114
49 15
43 12
153 69
27 199
32 175
47 3
19 15
67 124
27 150
74 189
223 90
5 194
177 35
5 49
12 5
58 4
61 1
105 177
21 28
12 102
6 78
133 63
97 58
11 99
64 110
199 225
144 91
30 111
113 183
6 139
88 146
181 235
143 111
91 194
139 12
24 194
10 194
24 222
125 176
70 24
81 34
33 52
150 155
5 141
24 70
165 215
64 32
27 7
79 87
226 111
102 199
6 103
86 28
21 111
59 219
49 151
178 16
91 236
192 103
2 109
9 52
62 108
103 36
13 17
85 115
128 64
105 36
156 86
13 44
7 37
92 146
88 234
23 13
112 212
175 214
68 175
64 9
98 59
13 51
156 63
215 28
49 110
74 76
46 156
62 142
13 9
144 28
78 24
99 21
4 61
97 193
180 79
5 15
6 196
23 7
21 17
118 32
98 181
7 107
161 7
159 22
129 19
45 108
136 180
96 10
63 86
195 61
12 59
187 25
161 200
160 120
43 86
29 169
214 79
21 51
105 49
19 216
115 33
137 152
3 192
148 67
5 47
30 212
180 185
177 50
187 19
126 41
200 3
1 3
69 189
49 9
192 109
30 188
99 13
199 233
49 214
148 27
181 36
143 128
4 97
110 32
62 119
70 80
22 126
36 51
177 214
105 104
112 226
167 53
88 108
45 213
167 115
234 88
4 109
23 24
105 37
169 137
161 217
34 214
133 222
19 76
3 33
195 199
78 58
7 111
137 46
195 78
195 27
61 144
214 133
107 189
157 71
10 12
124 105
4 155
195 214
49 200
148 189
144 118
148 166
195 217
116 181
169 43
177 61
133 147
194 78
58 36
192 27
35 194
229 62
110 132
32 89
36 4
12 43
177 194
117 172
195 103
141 5
116 100
126 9
98 58
67 105
76 216
177 197
152 110
7 91
209 28
133 45
22 28
107 43
66 98
137 133
30 76
62 45
18 109
19 103
7 236
30 87
46 28
20 28
74 188
145 19
9 73
63 45
48 67
100 49
13 87
35 222
167 32
113 148
13 36
195 36
133 214
21 103
99 36
96 175
125 5
200 177
162 191
73 196
214 229
9 2
183 64
27 2
105 26
33 25
27 188
153 124
45 229
27 152
74 110
43 28
153 189
98 19
137 100
29 28
74 43
35 91
7 6
6 4
116 171
72 87
144 115
27 88
181 219
78 54
4 13
73 202
32 217
48 148
110 27
67 194
70 98
24 105
27 146
19 37
27 122
128 94
15 37
92 101
37 88
155 58
113 157
168 155
27 107
98 103
30 164
51 7
104 172
226 216
13 54
216 10
42 104
168 97
107 131
113 111
37 4
76 86
109 4
11 70
94 138
23 196
43 100
12 216
43 46
43 63
138 68
67 166
62 111
215 49
67 113
150 27
9 4
186 22
72 226
157 67
147 133
61 19
83 73
63 172
32 44
24 4
145 128
74 63
116 172
7 4
30 108
71 157
167 204
97 125
126 86
214 9
9 125
30 100
44 167
51 9
98 125
83 11
117 104
105 2
195 136
64 27
76 111
13 176
103 19
164 229
9 20
195 7
51 21
9 176
47 23
229 181
116 5
46 114
130 111
180 136
10 7
67 48
48 124
156 114
7 100
27 28
63 56
188 45
160 221
43 61
96 68
79 214
10 28
63 27
126 21
44 105
94 68
36 78
19 73
67 153
195 167
151 2
44 128
32 107
156 133
63 108
27 216
128 120
105 222
91 35
133 216
37 19
47 149
199 5
85 20
103 58
35 27
2 151
67 64
30 45
21 52
74 108
167 40
67 28
199 198
20 194
32 144
26 45
188 131
12 139
86 63
19 61
12 54
61 115
175 146
113 169
79 23
135 111
23 109
46 229
45 119
195 100
9 78
54 70
167 128
2 79
128 160
13 20
223 68
64 7
97 221
15 149
95 181
9 59
6 87
7 33
202 19
88 37
43 76
32 152
188 74
144 52
102 233
12 18
194 52
15 5
143 195
137 30
29 126
36 181
43 169
100 28
65 155
96 111
102 10
191 116
64 128
137 43
226 17
124 216
21 126
147 219
183 189
143 83
2 27
89 136
7 128
13 58
97 219
85 52
188 43
195 3
152 19
45 2
98 70
195 222
86 84
156 180
184 22
4 47
43 49
38 87
5 3
95 18
105 4
100 111
152 128
192 19
115 111
120 216
187 7
199 216
80 13
161 78
188 109
64 77
90 17
164 86
143 223
161 202
71 111
6 7
188 26
214 88
130 216
141 236
63 156
122 51
33 103
165 122
134 14
136 89
126 18
95 2
44 40
78 177
191 145
10 33
176 210
94 17
180 41
116 216
10 35
128 214
36 19
124 152
49 215
49 188
42 179
91 216
46 86
19 152
112 197
43 194
124 12
22 7
194 15
77 56
3 10
188 100
143 51
11 13
199 45
177 3
95 23
13 24
163 162
30 137
214 164
168 139
30 216
146 110
12 103
10 115
43 26
73 78
166 153
4 124
214 6
209 77
127 171
153 113
63 222
20 76
147 63
138 134
191 216
13 103
199 41
61 43
188 4
27 204
23 101
22 210
7 119
192 216
207 219
60 206
215 26
43 64
153 169
43 51
78 17
10 172
133 137
110 86
78 28
187 64
7 3
20 9
47 19
157 113
37 172
55 36
105 19
30 46
152 107
131 119
36 98
44 6
102 216
136 217
18 79
44 31
32 109
59 36
192 227
9 181
146 86
47 5
70 21
77 64
107 100
29 79
97 52
107 5
110 236
179 42
88 219
98 155
137 194
47 28
4 9
126 3
126 23
110 195
131 107
45 221
110 146
2 136
47 103
153 45
32 120
194 73
132 110
195 9
161 97
229 137
74 216
61 100
150 194
85 28
124 17
181 5
40 167
35 73
46 45
12 111
71 189
44 20
29 76
188 61
37 23
12 4
69 132
125 58
46 146
107 3
110 28
11 78
195 175
194 51
91 19
2 169
128 191
44 32
137 86
76 63
88 42
43 78
21 41
5 207
12 206
61 194
5 19
48 113
98 5
74 46
32 195
126 169
113 67
7 19
37 9
74 5
20 19
19 47
220 171
176 13
199 19
117 155
144 78
99 44
24 21
5 36
97 103
192 47
10 192
118 107
91 199
125 36
67 17
187 192
4 19
78 105
207 181
32 64
175 195
117 58
199 3
73 111
6 2
12 131
27 32
92 43
153 166
135 202
128 53
198 66
98 13
48 123
148 132
17 103
51 73
7 35
37 100
191 162
19 27
217 11
10 102
119 62
12 58
144 214
110 214
51 52
61 58
11 4
153 67
45 63
136 115
64 91
58 99
67 9
63 62
26 2
63 28
74 19
59 181
93 57
122 216
67 77
194 5
21 11
81 95
147 88
80 99
143 73
75 117
138 159
105 79
36 9
199 122
223 94
3 9
6 64
18 236
3 27
144 87
138 216
176 12
44 43
141 19
73 103
47 15
227 208
110 30
226 41
24 17
19 4
99 214
45 46
71 183
24 11
37 216
78 9
73 194
169 28
54 78
125 155
185 153
58 214
158 173
13 78
23 98
98 12
124 166
37 5
149 15
23 212
136 32
99 73
147 234
152 108
160 40
12 13
133 62
9 19
6 26
126 51
5 235
27 1
63 188
227 210
67 24
82 181
211 210
150 181
188 28
97 202
177 202
4 11
46 108
35 103
63 180
137 169
110 9
144 32
6 216
115 35
41 87
49 3
6 3
21 13
63 147
91 7
159 175
22 87
72 45
137 5
140 62
2 9
27 19
7 137
137 88
98 214
98 99
110 88
128 13
98 2
147 142
78 194
51 222
229 133
195 33
103 17
177 124
59 125
8 187
135 87
43 4
202 177
5 225
51 214
186 183
226 87
156 62
12 23
128 43
43 7
164 63
61 47
26 151
105 110
30 107
211 227
120 167
37 236
146 204
139 155
88 106
160 128
194 222
165 87
137 146
124 28
94 103
4 58
136 151
143 203
226 23
124 113
72 141
98 95
74 132
198 47
64 105
43 103
92 47
58 59
137 3
23 70
83 13
59 98
191 163
61 4
9 37
65 172
146 108
200 35
59 235
195 5
27 233
78 222
177 52
161 189
11 51
216 76
135 224
181 104
5 181
83 9
129 87
58 58
7 12
43 195
45 188
37 41
139 6
3 47
85 105
110 124
97 4
66 198
21 222
98 23
62 221
44 99
44 110
19 9
4 193
151 49
44 195
178 41
64 113
97 17
202 78
135 218
24 199
65 58
49 131
159 134
187 216
177 196
61 103
117 59
98 26
199 24
92 37
84 180
12 73
128 236
2 35
214 51
68 134
135 29
214 5
73 222
30 3
132 148
88 221
107 118
177 21
91 111
61 105
84 188
49 19
152 43
32 118
43 19
211 208
146 173
30 110
3 149
20 99
32 128
36 176
61 9
96 17
132 67
103 105
47 72
24 9
102 35
21 73
107 111
22 184
86 110
153 123
84 110
150 207
95 79
7 87
200 10
7 17
17 194
63 216
176 125
98 219
19 43
199 35
198 100
23 18
98 24
94 202
80 11
146 114
187 37
97 5
26 188
49 27
126 95
23 22
146 3
155 98
134 175
137 52
163 191
11 9
46 188
49 7
110 76
124 4
22 95
32 161
146 88
88 137
61 54
99 78
41 111
131 27
98 54
23 35
98 18
68 138
48 71
77 67
143 216
147 106
102 12
229 46
5 232
46 147
159 138
176 36
7 28
25 35
200 34
131 63
128 216
61 195
2 54
61 188
43 6
64 157
160 44
99 54
65 104
27 63
133 108
195 13
192 3
188 49
61 72
38 236
96 222
96 21
10 200
18 28
58 103
124 10
84 63
81 41
195 128
67 51
155 20
179 181
41 112
45 136
107 44
99 20
128 175
86 169
63 219
77 189
144 15
103 139
107 152
124 194
12 17
10 111
18 51
71 67
30 106
84 74
43 131
63 146
32 154
215 76
35 25
32 115
63 131
177 201
7 34
88 140
40 44
84 158
23 170
15 3
137 225
21 87
140 142
7 78
131 46
20 85
115 51
113 166
95 19
177 4
9 83
195 161
13 155
180 156
105 73
177 103
4 196
113 189
148 113
78 11
20 61
128 44
139 168
54 221
63 133
128 40
30 29
150 232
13 99
79 20
174 12
6 59
83 70
24 99
47 4
29 156
113 217
59 155
128 195
95 28
70 142
192 102
19 3
90 169
155 181
43 27
5 125
25 33
72 2
107 198
68 96
103 35
104 65
128 152
159 68
12 52
19 5
17 231
176 59
234 229
169 78
14 28
148 48
188 63
214 32
54 4
195 10
161 42
215 19
217 136
200 12
29 30
87 79
195 43
99 24
32 53
192 35
157 64
30 170
70 13
143 27
124 153
128 50
15 49
139 59
154 44
51 4
159 94
144 111
43 36
164 30
46 207
29 86
97 104
23 12
6 20
27 91
107 36
36 5
178 23
177 19
117 125
3 5
150 78
86 236
11 80
9 99
227 211
124 48
65 4
21 194
181 214
11 98
76 107
44 13
63 169
177 36
45 153
66 232
120 160
62 140
10 52
166 123
188 108
154 32
12 33
158 197
96 101
72 3
199 28
4 36
53 32
181 172
175 182
69 153
183 153
48 189
109 188
180 46
23 3
196 73
88 214
27 64
6 212
7 2
61 199
2 6
99 9
30 74
85 51
37 79
113 123
168 36
128 7
61 21
126 35
32 110
58 125
60 32
78 5
128 204
3 215
120 32
147 70
12 174
95 6
126 6
98 11
17 52
6 52
140 147
18 35
74 180
117 236
49 100
128 146
94 223
43 170
195 228
25 235
122 200
30 114
137 19
126 109
30 169
214 20
23 6
23 47
2 73
177 28
63 107
27 47
150 216
24 103
79 18
128 167
61 73
4 2
97 78
43 188
118 144
73 177
43 151
214 180
110 4
7 204
38 214
11 217
192 104
103 4
98 9
63 74
18 208
95 236
35 216
74 30
132 153
19 194
78 12
2 26
19 6
208 210
49 169
45 84
5 37
46 76
65 103
140 32
215 100
46 133
147 62
60 33
45 30
215 5
117 176
40 160
99 222
150 73
86 46
24 13
7 32
98 80
97 61
150 19
88 229
99 4
71 113
61 107
0 1
0 2
0 3
0 4
0 5
0 6
0 7
0 8
0 9
0 10
0 11
0 12
0 13
0 14
0 15
0 16
0 17
0 18
0 19
0 20
0 21
0 22
0 23
0 24
0 25
0 26
0 27
0 28
0 29
0 30
0 31
0 32
0 33
0 34
0 35
0 36
0 37
0 38
0 39
0 40
0 41
0 42
0 43
0 44
0 45
0 46
0 47
0 48
0 49
0 50
0 51
0 52
0 53
0 54
0 55
0 56
0 57
0 58
0 59
0 60
0 61
0 62
0 63
0 64
0 65
0 66
0 67
0 68
0 69
0 70
0 71
0 72
0 73
0 74
0 75
0 76
0 77
0 78
0 79
0 80
0 81
0 82
0 83
0 84
0 85
0 86
0 87
0 88
0 89
0 90
0 91
0 92
0 93
0 94
0 95
0 96
0 97
0 98
0 99
0 100
0 101
0 102
0 103
0 104
0 105
0 106
0 107
0 108
0 109
0 110
0 111
0 112
0 113
0 114
0 115
0 116
0 117
0 118
0 119
0 120
0 121
0 122
0 123
0 124
0 125
0 126
0 127
0 128
0 129
0 130
0 131
0 132
0 133
0 134
0 135
0 136
0 137
0 138
0 139
0 140
0 141
0 142
0 143
0 144
0 145
0 146
0 147
0 148
0 149
0 150
0 151
0 152
0 153
0 154
0 155
0 156
0 157
0 158
0 159
0 160
0 161
0 162
0 163
0 164
0 165
0 166
0 167
0 168
0 169
0 170
0 171
0 172
0 173
0 174
0 175
0 176
0 177
0 178
0 179
0 180
0 181
0 182
0 183
0 184
0 185
0 186
0 187
0 188
0 189
0 190
0 191
0 192
0 193
0 194
0 195
0 196
0 197
0 198
0 199
0 200
0 201
0 202
0 203
0 204
0 205
0 206
0 207
0 208
0 209
0 210
0 211
0 212
0 213
0 214
0 215
0 216
0 217
0 218
0 219
0 220
0 221
0 222
0 223
0 224
0 225
0 226
0 227
0 228
0 229
0 230
0 231
0 232
0 233
0 234
0 235
0 236
