1.0
1.0
1.0
1.0
0.5
-1.0
-1.0
0.3333333333333333
1.0
-1.0
1.0
-1.0
-0.3333333333333333
1.0
1.0
0.0
-1.0
1.0
1.0
1.0
-1.0
1.0
1.0
-1.0
1.0
1.0
0.0
1.0
-0.6
1.0
0.75
-0.4545454545454545
-1.0
-0.3333333333333333
-0.75
-0.75
0.0
-1.0
-1.0
1.0
1.0
-1.0
-1.0
-1.0
-1.0
-1.0
1.0
-1.0
-0.6
-1.0
1.0
-1.0
1.0
-1.0
1.0
1.0
-1.0
1.0
-0.3333333333333333
0.0
1.0
-1.0
-1.0
1.0
1.0
-1.0
0.0
-1.0
-1.0
-1.0
-1.0
-1.0
1.0
-1.0
1.0
-1.0
1.0
-1.0
-1.0
-1.0
-1.0
1.0
-1.0
-0.5
1.0
1.0
1.0
1.0
-1.0
0.3333333333333333
-0.6
-0.5
1.0
0.0
-0.4285714285714285
1.0
-1.0
-1.0
-1.0
-1.0
-0.1428571428571428
1.0
-1.0
-1.0
0.3333333333333333
-1.0
1.0
-1.0
1.0
-1.0
1.0
-1.0
-1.0
-1.0
-1.0
-1.0
-1.0
1.0
1.0
1.0
-1.0
-1.0
-1.0
0.0
0.0
-0.6666666666666666
-1.0
1.0
-1.0
-1.0
1.0
-1.0
-1.0
1.0
-1.0
0.3333333333333333
1.0
1.0
-1.0
-1.0
-0.0909090909090909
1.0
-1.0
1.0
0.0
-1.0
-1.0
-1.0
-0.3333333333333333
-1.0
-1.0
1.0
1.0
1.0
1.0
-1.0
-1.0
1.0
1.0
-1.0
1.0
-1.0
-1.0
-1.0
0.4
0.0
0.7714285714285715
-0.3333333333333333
1.0
-0.5555555555555556
1.0
-1.0
-1.0
1.0
-1.0
1.0
-1.0
0.0
-1.0
-1.0
1.0
1.0
1.0
1.0
1.0
1.0
1.0
0.0
1.0
0.3333333333333333
-1.0
1.0
-1.0
1.0
-1.0
-1.0
-1.0
1.0
-1.0
-1.0
-1.0
-0.3333333333333333
-1.0
-1.0
-1.0
-1.0
-1.0
1.0
1.0
1.0
1.0
-1.0
1.0
-1.0
-0.3333333333333333
-1.0
-1.0
0.0
1.0
1.0
0.1428571428571428
1.0
-1.0
1.0
-1.0
-1.0
1.0
1.0
0.0
1.0
-0.75
-1.0
-1.0
-1.0
-1.0
-1.0
-1.0
