1.0
0.747825996015679
0.7294594074390698
0.7360070767110188
0.7287531347199665
0.7423684904794393
0.7453248549681166
0.7374482138907098
0.8203697039845324
0.721362774628316
0.7493821862994041
0.7355080762749612
0.7568178367124732
0.736349063623394
0.8643577259839014
0.7376464527344577
0.8412505308901876
0.756101628100073
0.7739688377597751
0.7371207447751557
0.7406136486262362
0.7355731711693855
0.813973098017683
0.752073884028029
0.732187732692947
0.7929612336827003
0.7423303163537416
0.7274598646166759
0.7382272078019836
0.7761078784214256
0.7269570948727218
0.8527650564939253
0.7459748756691506
0.7774860853202915
0.8656261697165488
0.738064324879427
0.7425655656582043
0.7310487897319159
0.9999999640306989
0.8314019735536284
0.7499860614092784
0.7833113184965241
0.8263825970010237
0.719304451149262
0.7348120553306374
0.72775306339281
0.7183170434984678
0.7283838953801435
0.7559722821214012
0.7277253142400548
0.7877949898524179
0.7346300817375464
0.7453847885548315
0.7667374661142945
0.7393154542964779
0.962220056895325
0.8086870702010569
0.9999998073073166
0.7510846470926749
0.7512032498781414
0.8769550671369778
0.7345671444985352
0.7283452984913791
0.7223549917600813
0.7396278162490733
0.8356020957618296
0.816976506017884
0.7445767171551334
0.8120797382915571
0.7927211862541957
0.7457594386870093
0.7627064993917791
0.7421230552263035
0.7374814265141585
0.7399509860611295
0.9622200209260241
0.7223243992813687
0.7572727193634043
0.7308666671477393
0.7590265234591435
0.7470764172359109
1.0
0.9999999640306989
0.7437275081526293
0.744332153452017
0.7813503418372443
0.7304180662632587
0.7688043552877964
0.7217323825462221
0.8149412121385856
0.8489975918889219
0.7415322962470501
0.8018175496761013
0.9999999820153496
0.813396350303712
0.7974805998814316
0.7910604934633607
0.8450741814816745
0.7456805813867095
0.7321436422552248
0.7401659112475252
0.817656922732958
0.7672464905176238
0.7366907782820756
0.8117424496241388
0.7267323984089298
0.7725873786154118
0.7220673878050714
0.722635054412267
0.7445114616444438
0.7221879256500456
0.7508440711788836
0.8166598640460881
0.7456925885228421
0.7319947045159807
0.7595723479192594
0.9436013354412573
0.9327672743439639
0.7677476262000322
0.7424820500476246
0.7699550909172176
0.8491805331737717
0.8182693180154518
0.7573961824953315
0.7440490230564583
0.7687178825223464
0.7954933740902969
0.9890988535653629
0.7401431286457741
0.7910532999115127
1.0
0.7291866125509108
0.7482620095437453
0.7270493435221735
0.8253897041382359
0.8665030871900284
0.7533196325200091
0.7221139945948263
0.8279958722691481
0.826548298625998
0.7560206191263387
0.7689175360347177
0.7616656505544944
0.7871606090622376
0.7762026438292259
0.8266213179115447
0.7315543778169488
0.7489050267467205
0.7564538132882801
0.7329554297661154
0.8490300925870746
0.754840880736262
0.729552285119564
0.7581469185019143
0.7739804713947529
0.7794411257655569
0.7477208949216353
0.7768122167117975
0.8595500585364169
0.8223729498482113
0.7616017082333109
0.8112499863160408
0.9213525125815994
0.9213525125815994
0.7543532411219379
0.8578543963180345
0.7602539617127803
0.7599696206061229
0.9032314312669318
0.7381748557699714
0.7696224105608895
0.9809428966871836
0.7855758386033795
0.8172499406005801
0.8646237787534352
0.7733346705430577
0.7682592456826889
0.7619466897203254
0.856647135300491
0.9039320116888773
0.7431074222745873
0.7811654906435922
0.8733400350238372
0.789331341176228
0.8961631034536731
0.7693360872841227
0.8662410576454028
0.8035150577786878
0.7172749391356503
0.7467279840937692
0.9999999640306989
0.8682112023662846
0.7514337085633284
0.8106342083343647
0.7315012593204366
0.7440921111172903
0.7727400441198777
0.8135755080170053
0.7849398039768983
0.7599448357225587
0.7788154459073346
0.8674869639584359
0.7980215422923004
0.8199808218345742
0.7722144368199784
0.8490300925870746
0.8641636611176305
0.7592945338369502
0.8497540341939946
0.8498563096323924
0.836980939778438
0.8445786926435814
0.7673747355314644
0.7921936158316676
0.745980816383872
0.7365070037004559
0.7720543587256199
0.7684250899945746
0.8753502375932611
0.7761865996665276
0.9999999845845853
0.7958745066173553
0.7315456020323838
0.8087813883428442
0.9256838045254125
0.7705747311458606
0.8248871102028278
0.8421892662928148
0.789007234413295
0.7365053351592397
0.9999999685268617
0.8639483051354571
0.7961024037139162
0.7930237058024329
0.7444049375640645
0.7925405540367388
0.7621348228509217
