-0.05332310214514388
-0.004597169452987924
0.03963681965029145
0.08012868229714869
0.11745423352511584
0.1520685944290543
0.18433841430993425
0.21456284981586987
0.24298820877687133
0.2698187487568516
0.2952249432382176
0.31934995405133276
0.3423147632270686
0.3642222689469238
0.3851605665665388
0.4052055832646816
0.42442319843158915
0.4428709545524352
0.46059944188572166
0.47765342310238196
0.49407275032340603
0.509893116034072
0.5251466706542937
0.539862532680148
0.5540672119187556
0.5677849621134361
0.5810380759485577
0.5938471328321413
0.6062312078190795
0.6182080484335403
0.629794224878632
0.6410052581099802
0.6518557294402119
0.6623593746895827
0.6725291653705484
0.682377378965067
0.6919156600029733
0.7011550733622829
0.7101061509757048
0.7187789329323603
0.7271830038021163
0.735327524875978
0.743221262904706
0.7508726158252739
0.758289635887694
0.7654800505304636
0.7724512812992244
0.779210461058386
0.7857644497079525
0.7921198485863533
